t,θ
0.000000000e0,0.000000000e0
1.001000000e-1,0.000000000e0
2.002000000e-1,0.000000000e0
3.003000000e-1,0.000000000e0
4.004000000e-1,0.000000000e0
5.005000000e-1,0.000000000e0
6.006000000e-1,0.000000000e0
7.007000000e-1,0.000000000e0
8.008000000e-1,0.000000000e0
9.009000000e-1,0.000000000e0
1.001000000e0,0.000000000e0
1.101211000e0,0.000000000e0
1.201311000e0,0.000000000e0
1.301411000e0,0.000000000e0
1.401511000e0,0.000000000e0
1.501611000e0,0.000000000e0
1.601711000e0,0.000000000e0
1.701811000e0,0.000000000e0
1.801911000e0,0.000000000e0
1.902011000e0,0.000000000e0
2.002111000e0,0.000000000e0
2.102211000e0,0.000000000e0
2.202311000e0,0.000000000e0
2.302411000e0,0.000000000e0
2.402511000e0,0.000000000e0
2.502611000e0,0.000000000e0
2.602822000e0,0.000000000e0
2.702934000e0,0.000000000e0
2.803034000e0,0.000000000e0
2.903134000e0,0.000000000e0
3.003234000e0,0.000000000e0
3.103334000e0,0.000000000e0
3.203434000e0,0.000000000e0
3.303534000e0,0.000000000e0
3.403634000e0,0.000000000e0
3.503734000e0,0.000000000e0
3.603834000e0,0.000000000e0
3.703934000e0,0.000000000e0
3.804034000e0,0.000000000e0
3.904134000e0,0.000000000e0
4.004234000e0,0.000000000e0
4.104334000e0,0.000000000e0
4.204434000e0,0.000000000e0
4.304534000e0,0.000000000e0
4.404634000e0,0.000000000e0
4.504734000e0,0.000000000e0
4.604945000e0,0.000000000e0
4.705056000e0,0.000000000e0
4.805167000e0,0.000000000e0
4.905267000e0,0.000000000e0
5.005367000e0,0.000000000e0
5.105467000e0,0.000000000e0
5.205567000e0,0.000000000e0
5.305667000e0,0.000000000e0
5.405767000e0,0.000000000e0
5.505867000e0,0.000000000e0
5.605967000e0,0.000000000e0
5.706067000e0,-9.763036973e0
5.806167000e0,-1.044390640e1
5.906267000e0,-1.274443198e1
6.006367000e0,-1.489223558e1
6.106467000e0,-1.670557940e1
6.206567000e0,-1.647281133e1
6.306667000e0,-1.951682457e1
6.406767000e0,-2.006663523e1
6.506867000e0,-2.194805184e1
6.607078000e0,-2.313845924e1
6.707189000e0,-2.219812473e1
6.807289000e0,-2.371812081e1
6.907389000e0,-2.510479161e1
7.007489000e0,-2.481394800e1
7.107589000e0,-2.721105860e1
7.207689000e0,-2.782155735e1
7.307789000e0,-2.908627612e1
7.407889000e0,-3.043694396e1
7.507989000e0,-3.057787683e1
7.608089000e0,-3.191232565e1
7.708189000e0,-3.119368790e1
7.808289000e0,-3.300393540e1
7.908389000e0,-3.344502991e1
8.008489000e0,-3.322688675e1
8.108589000e0,-3.484991022e1
8.208689000e0,-3.549157872e1
8.308789000e0,-3.416883055e1
8.408889000e0,-3.530113274e1
8.509100000e0,-3.637900748e1
8.609200000e0,-3.643297666e1
8.709300000e0,-3.745398095e1
8.809400000e0,-3.690750087e1
8.909500000e0,-3.862052004e1
9.009600000e0,-3.924922269e1
9.109700000e0,-4.093180382e1
9.209800000e0,-4.164559372e1
9.309900000e0,-4.146938462e1
9.410000000e0,-3.964281919e1
9.510100000e0,-4.020221569e1
9.610200000e0,-4.068908917e1
9.710300000e0,-4.127556909e1
9.810400000e0,-4.131386428e1
9.910500000e0,-4.099849041e1
1.001060000e1,-4.036808241e1
1.011070000e1,-4.270710514e1
1.021080000e1,-4.271185387e1
1.031090000e1,-4.335042290e1
1.041100000e1,-4.315231965e1
1.051110000e1,-4.267051873e1
1.061120000e1,-4.433561301e1
1.071130000e1,-4.680735439e1
1.081140000e1,-4.824078685e1
1.091150000e1,-4.886025139e1
1.101171100e1,-5.007057034e1
1.111181100e1,-5.091118824e1
1.121191100e1,-5.225862994e1
1.131201100e1,-5.300168278e1
1.141211100e1,-5.423674954e1
1.151221100e1,-5.504989301e1
1.161231100e1,-5.606278902e1
1.171241100e1,-5.658966944e1
1.181251100e1,-5.563280981e1
1.191261100e1,-5.563280981e1
1.201271100e1,-5.766873963e1
1.211281100e1,-5.811726379e1
1.221291100e1,-5.999391645e1
1.231301100e1,-6.082144371e1
1.241311100e1,-6.079964134e1
1.251321100e1,-6.095118916e1
1.261331100e1,-6.115083052e1
1.271341100e1,-6.393019596e1
1.281362200e1,-6.620142974e1
1.291372200e1,-6.752785087e1
1.301382200e1,-6.962795989e1
1.311392200e1,-7.150156980e1
1.321402200e1,-7.153111504e1
1.331412200e1,-7.045805576e1
1.341422200e1,-6.979430040e1
1.351432200e1,-7.075117089e1
1.361442200e1,-7.284098549e1
1.371452200e1,-7.149105256e1
1.381462200e1,-7.422343135e1
1.391472200e1,-7.553488921e1
1.401482200e1,-7.582375111e1
1.411492200e1,-7.582375111e1
1.421502200e1,-7.456248356e1
1.431512200e1,-7.656175008e1
1.441522200e1,-7.658236561e1
1.451543400e1,-7.712490790e1
1.461553400e1,-7.864749634e1
1.471563400e1,-8.016369674e1
1.481573400e1,-8.124002717e1
1.491583400e1,-8.016369674e1
1.501593400e1,-7.935536915e1
1.511603400e1,-8.034213368e1
1.521613400e1,-7.925964160e1
1.531623400e1,-7.865767993e1
1.541633400e1,-7.811331893e1
1.551643400e1,-7.798648572e1
1.561653400e1,-7.825507282e1
1.571663400e1,-7.985791395e1
1.581673400e1,-8.113747907e1
1.591683400e1,-8.139700243e1
1.601693400e1,-8.141354348e1
1.611703400e1,-8.080149086e1
1.621713400e1,-8.113504946e1
1.631723400e1,-8.084569647e1
1.641733400e1,-8.173596967e1
1.651743400e1,-8.246105047e1
1.661753400e1,-8.360086171e1
1.671774500e1,-8.360086171e1
1.681785600e1,-8.421610364e1
1.691796700e1,-8.502563535e1
1.701806700e1,-8.584773669e1
1.711816700e1,-8.720557519e1
